xendo = [ 31.06177858  94.75414563  19.35164779 -19.99942656 175.43999994 199.68178514 100.00000003  15.35803714   0.29403234   0.09999998   0.67594874  71.97120700 ];
xmid  = [  8.94895861  94.74148162  23.53449386  -8.69471061  81.49871994  74.05400557 218.26281020   7.63957731   0.11237641   0.01681490  -2.27959338  69.10040230 ];
xepi  = [ 31.21104108 127.39181209  20.24350375  -0.99807649 155.51778769 102.10486001 364.72997768  26.47725973   0.14516672   0.00100000  -8.70998163  99.99999999 ];
