xendo = [ 39.77243210  97.85030053  22.92929455 -19.99995016  91.44034102  52.20681026 169.61016058   8.26965834   0.27349821   0.09999995  -0.33352785  61.94859395 ];
xmid  = [  5.67506869  75.62280750  21.49074084   0.43217091 116.15850540  51.54778068 395.70882180  14.90841983   0.50685165   0.09999999  -2.78337463  65.18099975 ];
xepi  = [  1.72863923  77.56804694   4.53452006   8.64101113 174.24299956 116.66768346 309.08221261  12.67785745   0.52181969   0.10000000  -3.50875349  69.25664425 ];
