xendo = [ 39.99997964  93.33713696  32.72399376  -9.60053163 132.43892752  84.51823219 197.63223615   8.83302082   0.07336179   0.02490501  -0.65995278  84.50706591 ];
xmid  = [  0.50178592  99.97509019  14.99211433 -16.67992377 175.43702742 114.71703169 277.32472591   9.31307893   0.07921819   0.00456262  -1.35551329  84.28485510 ];
xepi  = [ 19.24823049  89.21376428  23.93005630 -19.53185069  66.22678821  18.99731326 431.49866992  23.57631649   0.98321647   0.00103440  -3.44815546  99.95303348 ];
