xendo = [ 11.87184929  81.11894037   1.89700187  -8.57507696  50.86258266 199.55879151 190.07671964  10.64161129   0.14024027   0.10000000  -2.68959149  84.20208499 ];
xmid  = [  1.55823335  82.35302166  11.68282319   1.20888157 133.57678380  68.60612021 318.08196194  13.92338467   0.08527874   0.01560819  -3.29582868  99.99999999 ];
xepi  = [  1.05098446 120.38092108   1.90550636  20.73628316 175.43903226 107.65169583 272.89492167  27.48287606   0.21975875   0.00288978  -9.73513431  99.99999999 ];
